真实值
79189.30 
88356.60 
84412.10 
57692.90 
45094.20 
63301.20 
83581.30 
75009.30 
74043.80 
68122.80 
48939.80 
52524.10 
65566.10 
58378.50 
22651.30 
72183.00 
30891.50 
49209.70 
53248.70 
49779.60 
49779.60 
36513.30 
49919.50 
60520.00 
26322.40 
75828.70 
67020.30 
75828.70 
15323.40 
22183.40 


预测值planb
78320.60 
87924.07 
84650.86 
58536.24 
48642.05 
65753.94 
80182.31 
68614.44 
69539.71 
63011.37 
50984.31 
54505.71 
44987.37 
57415.89 
24775.25 
74774.43 
38355.26 
52451.40 
58669.56 
52144.50 
55624.61 
40848.82 
51715.97 
59542.66 
31976.46 
62791.94 
65373.94 
76408.95 
19219.38 
27665.98 



plana
96259.20 
107895.80 
105283.99 
85696.90 
69869.00 
82960.00 
103646.80 
95261.60 
98473.40 
92372.29 
68465.00 
67057.50 
62895.10 
87025.59 
58681.90 
99558.00 
74012.39 
79359.09 
83455.10 
81598.90 
84247.60 
72266.30 
74229.90 
88141.00 
57633.80 
97276.00 
92128.00 
104024.49 
44091.69 
53347.70 


plana
[-17069.9  -19539.2  -20871.89 -28004.   -24774.8  -19658.8  -20065.5
 -20252.3  -24429.6  -24249.49 -19525.2  -14533.4    2671.   -28647.09
 -36030.6  -27375.   -43120.89 -30149.39 -30206.4  -31819.3  -34468.
 -35753.   -24310.4  -27621.   -31311.4  -21447.3  -25107.7  -28195.79
 -28768.29 -31164.3 ]
21536886020.3
146754.50937
4891.81697899


planb
[   868.7     432.53   -238.76   -843.34  -3547.85  -2452.74   3398.99
   6394.86   4504.09   5111.43  -2044.51  -1981.61  20578.73    962.61
  -2123.95  -2591.43  -7463.76  -3241.7   -5420.86  -2364.9   -5845.01
  -4335.52  -1796.47    977.34  -5654.06  13036.76   1646.36   -580.25
  -3895.98  -5482.58]
971466474.926
31168.3569494
1038.94523165
